row_names	input	filtered	denoisedF	denoisedR	merged	nosingletons	nochimeras	percent_singletons	percent_chimeras	percent_retained_of_total
NEG-1_S169_L001_R1_001.fastq.gz	215	122	105	85	79	79	77	0	2.53164556962025	35.8139534883721
NEG-2_S170_L001_R1_001.fastq.gz	348	186	146	110	105	105	105	0	0	30.1724137931034
NEG-3_S171_L001_R1_001.fastq.gz	385	200	160	104	97	97	97	0	0	25.1948051948052
NEG-4_S172_L001_R1_001.fastq.gz	217	129	106	89	84	84	36	0	57.1428571428571	16.5898617511521
tdna001-Rep1-MiFish-U_S1_L001_R1_001.fastq.gz	77195	72904	72785	72167	71799	71717	59321	0.114207718770459	17.2846047659551	76.8456506250405
tdna001-Rep2-MiFish-U_S57_L001_R1_001.fastq.gz	66641	62589	62458	61752	60669	60551	46174	0.194498013812662	23.743621079751	69.2876757551657
tdna001-Rep3-MiFish-U_S113_L001_R1_001.fastq.gz	48674	46360	46299	45996	45504	45467	39761	0.0813115330520446	12.5497613653859	81.6883757242059
tdna002-Rep1-MiFish-U_S2_L001_R1_001.fastq.gz	62403	58461	58252	57596	56535	56468	48816	0.118510657115053	13.5510377558971	78.2270083169078
tdna002-Rep2-MiFish-U_S58_L001_R1_001.fastq.gz	86037	81278	81068	80212	78909	78865	68142	0.0557604329037247	13.5966525074494	79.2008089542871
tdna002-Rep3-MiFish-U_S114_L001_R1_001.fastq.gz	97616	92171	92041	91237	89828	89666	81851	0.180344658681037	8.71567818348092	83.8499836092444
tdna003-Rep1-MiFish-U_S3_L001_R1_001.fastq.gz	73983	70066	69758	69714	68565	68558	61546	0.0102092904543127	10.2278362846057	83.1893813443629
tdna003-Rep2-MiFish-U_S59_L001_R1_001.fastq.gz	80129	76603	76489	76293	73306	73300	58891	0.00818486890568693	19.6575716234652	73.4952389272298
tdna003-Rep3-MiFish-U_S115_L001_R1_001.fastq.gz	69983	65116	65031	64874	64492	64478	59079	0.0217081188364432	8.37339867861905	84.4190732034923
tdna004-Rep1-MiFish-U_S4_L001_R1_001.fastq.gz	65333	61334	61239	59993	59530	59466	50038	0.10750881908281	15.8544378300205	76.5891662712565
tdna004-Rep2-MiFish-U_S60_L001_R1_001.fastq.gz	84768	80147	80043	78777	78322	78141	64632	0.231097265136242	17.2879794218144	76.2457531143828
tdna004-Rep3-MiFish-U_S116_L001_R1_001.fastq.gz	41944	40198	40173	40074	38929	38918	34185	0.0282565696524415	12.1614677013207	81.5015258439824
tdna005-Rep1-MiFish-U_S5_L001_R1_001.fastq.gz	65891	62604	62023	62065	58176	58176	48355	0	16.8815319031903	73.3863501843954
tdna005-Rep2-MiFish-U_S61_L001_R1_001.fastq.gz	44713	42753	42145	42506	41038	41036	35754	0.00487353184853134	12.871624914709	79.9633216290564
tdna005-Rep3-MiFish-U_S117_L001_R1_001.fastq.gz	27889	26464	26414	26128	25793	25793	24381	0	5.47435350676541	87.4215640575137
tdna006-Rep1-MiFish-U_S6_L001_R1_001.fastq.gz	1782	1108	1062	902	823	823	823	0	0	46.1840628507295
tdna006-Rep2-MiFish-U_S62_L001_R1_001.fastq.gz	72617	67915	67685	67010	65721	65661	56200	0.0912950198566591	14.4088576171548	77.3923461448421
tdna006-Rep3-MiFish-U_S118_L001_R1_001.fastq.gz	45856	43664	43613	43411	43071	43061	37661	0.0232174781175303	12.5403497364204	82.1288381018842
tdna007-Rep1-MiFish-U_S7_L001_R1_001.fastq.gz	84916	80428	80245	80097	78428	78409	66185	0.0242260417197997	15.5900470609241	77.9417306514673
tdna007-Rep2-MiFish-U_S63_L001_R1_001.fastq.gz	74412	70769	70686	70125	69556	69396	61154	0.230030479038462	11.8767652314255	82.182981239585
tdna007-Rep3-MiFish-U_S119_L001_R1_001.fastq.gz	18968	18148	18107	17945	17877	17866	14348	0.0615315768864946	19.6910332475092	75.6431885280472
tdna008-Rep1-MiFish-U_S8_L001_R1_001.fastq.gz	44815	42130	42068	41677	40968	40928	40812	0.0976371802382232	0.283424550430027	91.0677228606493
tdna008-Rep2-MiFish-U_S64_L001_R1_001.fastq.gz	66608	62804	62692	61587	61010	60966	55673	0.0721193247008642	8.68188826559066	83.5830530867163
tdna008-Rep3-MiFish-U_S120_L001_R1_001.fastq.gz	9115	8483	8265	8328	8134	8134	7994	0	1.72117039586919	87.7015907844213
tdna009-Rep1-MiFish-U_S9_L001_R1_001.fastq.gz	1083	638	598	495	465	465	465	0	0	42.9362880886427
tdna009-Rep2-MiFish-U_S65_L001_R1_001.fastq.gz	871	445	403	314	292	292	292	0	0	33.5246842709529
tdna009-Rep3-MiFish-U_S121_L001_R1_001.fastq.gz	69030	66378	66291	66262	66026	66026	58804	0	10.9381152879169	85.1861509488628
tdna010-Rep1-MiFish-U_S10_L001_R1_001.fastq.gz	103411	97749	97636	96758	94458	94234	84122	0.237142433674222	10.7307341299319	81.3472454574465
tdna010-Rep2-MiFish-U_S66_L001_R1_001.fastq.gz	89065	84174	84052	83362	80403	80313	51375	0.111936121786499	36.0315266519742	57.6825913658564
tdna010-Rep3-MiFish-U_S122_L001_R1_001.fastq.gz	69145	62186	62120	61829	61445	61259	60557	0.302709740418265	1.14595406389265	87.5797237688915
tdna011-Rep1-MiFish-U_S11_L001_R1_001.fastq.gz	86706	82658	82631	82366	78244	78242	65535	0.00255610653852045	16.2406380205005	75.5830046363573
tdna011-Rep2-MiFish-U_S67_L001_R1_001.fastq.gz	70959	67917	67846	67665	65340	65338	55242	0.00306091215182391	15.4519575132389	77.8505897771953
tdna011-Rep3-MiFish-U_S123_L001_R1_001.fastq.gz	101786	96617	96416	95515	92294	92088	84776	0.223199774633244	7.94023108331162	83.2884679621952
tdna012-Rep1-MiFish-U_S12_L001_R1_001.fastq.gz	84571	79876	79791	79503	78769	78762	2604	0.00888674478538576	96.6938371295803	3.07906965744759
tdna012-Rep2-MiFish-U_S68_L001_R1_001.fastq.gz	105125	99643	99582	99307	98150	98146	847	0.00407539480387697	99.1369999796222	0.805707491082045
tdna012-Rep3-MiFish-U_S124_L001_R1_001.fastq.gz	80673	77159	77093	76986	76198	76142	981	0.073492742591668	98.7116177668041	1.21602022981667
tdna013-Rep1-MiFish-U_S13_L001_R1_001.fastq.gz	1433	1081	1052	943	926	926	926	0	0	64.6196789951152
tdna013-Rep2-MiFish-U_S69_L001_R1_001.fastq.gz	44710	42489	42442	42288	41743	41743	841	0	97.9852909469851	1.88101095951689
tdna013-Rep3-MiFish-U_S125_L001_R1_001.fastq.gz	77195	73910	73851	73698	73221	73187	5277	0.0464347659824398	92.7897030893465	6.83593496988147
tdna014-Rep1-MiFish-U_S14_L001_R1_001.fastq.gz	86315	81235	81181	80900	78602	78574	63986	0.0356225032441984	18.5659378420343	74.1307999768291
tdna014-Rep2-MiFish-U_S70_L001_R1_001.fastq.gz	76649	71923	71842	71250	69352	69305	61356	0.0677702157111497	11.4695909386047	80.048011063419
tdna014-Rep3-MiFish-U_S126_L001_R1_001.fastq.gz	43896	41865	41764	41732	41373	41337	37299	0.0870132695236094	9.76848827926555	84.9712957900492
tdna015-Rep1-MiFish-U_S15_L001_R1_001.fastq.gz	57077	53889	53823	53651	53325	53228	52090	0.181903422409746	2.13797249567897	91.2626802389754
tdna015-Rep2-MiFish-U_S71_L001_R1_001.fastq.gz	1163	895	866	784	757	757	520	0	31.3077939233818	44.7119518486672
tdna015-Rep3-MiFish-U_S127_L001_R1_001.fastq.gz	34258	32742	32528	32586	32378	32378	32378	0	0	94.5122307198319
tdna016-Rep1-MiFish-U_S16_L001_R1_001.fastq.gz	90209	85307	85142	84082	81872	81611	71320	0.318790306820404	12.6098197546899	79.0608475872696
tdna016-Rep2-MiFish-U_S72_L001_R1_001.fastq.gz	81389	77391	76805	76672	73620	73620	65897	0	10.4903558815539	80.9654867365369
tdna016-Rep3-MiFish-U_S128_L001_R1_001.fastq.gz	103203	98812	98673	98025	95174	94878	89504	0.311009309265131	5.66411602268177	86.7261610612095
tdna017-Rep1-MiFish-U_S17_L001_R1_001.fastq.gz	124853	119701	119580	118765	117878	117488	96449	0.330850540389221	17.9073607517363	77.2500460541597
tdna017-Rep2-MiFish-U_S73_L001_R1_001.fastq.gz	87738	82991	82898	82381	79007	78983	54758	0.0303770551976328	30.6711570844359	62.4108140144521
tdna017-Rep3-MiFish-U_S129_L001_R1_001.fastq.gz	76037	72536	72495	72233	69901	69901	62343	0	10.8124347291169	81.990346804845
tdna018-Rep1-MiFish-U_S18_L001_R1_001.fastq.gz	92100	88209	88036	87727	86003	85806	69272	0.229061776914762	19.2690487844673	75.213897937025
tdna018-Rep2-MiFish-U_S74_L001_R1_001.fastq.gz	77947	73510	73271	72990	72034	71980	61227	0.0749646000499808	14.9388719088636	78.5495272428702
tdna018-Rep3-MiFish-U_S130_L001_R1_001.fastq.gz	85696	80641	80363	79975	78486	78412	71683	0.0942843309634753	8.58159465387951	83.6480115758028
tdna019-Rep1-MiFish-U_S19_L001_R1_001.fastq.gz	86447	83235	83149	82528	81567	81555	64668	0.0147118319908799	20.7062718410888	74.8065288558307
tdna019-Rep2-MiFish-U_S75_L001_R1_001.fastq.gz	86172	82375	82273	81292	79693	79675	62228	0.0225866763705795	21.8977094446188	72.2137121106624
tdna019-Rep3-MiFish-U_S131_L001_R1_001.fastq.gz	91892	86732	86560	85488	79438	79213	70602	0.283239759309154	10.870690416977	76.8314978452967
tdna020-Rep1-MiFish-U_S20_L001_R1_001.fastq.gz	139301	133193	133101	131454	126399	125968	107355	0.340983710314163	14.7759748507557	77.0669270141636
tdna020-Rep2-MiFish-U_S76_L001_R1_001.fastq.gz	86932	82409	82323	81608	80075	80067	62469	0.00999063378083065	21.9790925100229	71.859614411264
tdna020-Rep3-MiFish-U_S132_L001_R1_001.fastq.gz	95458	90830	90580	89523	86802	86625	68546	0.203912352249944	20.8704184704185	71.8074964906032
tdna021-Rep1-MiFish-U_S21_L001_R1_001.fastq.gz	94129	90227	89827	89538	86692	86586	75766	0.122271951275778	12.4962465063636	80.4916656928258
tdna021-Rep2-MiFish-U_S77_L001_R1_001.fastq.gz	116594	111315	111253	110841	104313	104241	94918	0.0690230364384092	8.94369777726615	81.4089918863749
tdna021-Rep3-MiFish-U_S133_L001_R1_001.fastq.gz	100829	96035	95975	95835	93066	93035	87492	0.0333096941955091	5.95797280593325	86.7726546925984
tdna022-Rep1-MiFish-U_S22_L001_R1_001.fastq.gz	73152	69448	69306	68724	68142	68049	57241	0.13647970414722	15.8826727799086	78.2493985126859
tdna022-Rep2-MiFish-U_S78_L001_R1_001.fastq.gz	89391	84183	84118	83636	82940	82845	65481	0.114540631782006	20.9596233930835	73.2523408396818
tdna022-Rep3-MiFish-U_S134_L001_R1_001.fastq.gz	89349	84965	84902	84397	83263	83248	76998	0.0180152048328779	7.50768787238133	86.1766779706544
tdna023-Rep1-MiFish-U_S23_L001_R1_001.fastq.gz	81261	78027	77927	77428	75948	75721	51038	0.298888713330172	32.5972979754626	62.8074968311982
tdna023-Rep2-MiFish-U_S79_L001_R1_001.fastq.gz	68144	64683	64555	64084	62805	62611	41757	0.308892604092023	33.307246330517	61.27758863583
tdna023-Rep3-MiFish-U_S135_L001_R1_001.fastq.gz	76409	73260	73117	72599	72120	71963	63034	0.217692734331663	12.4077651015105	82.4955175437448
tdna024-Rep1-MiFish-U_S24_L001_R1_001.fastq.gz	103177	99207	99088	97809	94988	94448	69393	0.568492862256292	26.5278248348297	67.2562683543813
tdna024-Rep2-MiFish-U_S80_L001_R1_001.fastq.gz	66559	61902	61822	61326	60519	60400	33708	0.196632462532435	44.1920529801324	50.6437897203984
tdna024-Rep3-MiFish-U_S136_L001_R1_001.fastq.gz	75805	72532	72484	72276	70574	70454	59645	0.170034290248537	15.3419252278082	78.6821449772442
tdna025-Rep1-MiFish-U_S25_L001_R1_001.fastq.gz	207931	197967	197330	196258	193651	193059	132772	0.305704592281998	31.2272414132467	63.8538746026326
tdna025-Rep2-MiFish-U_S81_L001_R1_001.fastq.gz	104428	99809	99682	98913	98332	98251	82157	0.0823739982915015	16.3804948550142	78.6733443137856
tdna025-Rep3-MiFish-U_S137_L001_R1_001.fastq.gz	83148	79025	78922	78838	76583	76469	47452	0.148858101667471	37.9460958035282	57.0693221725117
tdna026-Rep1-MiFish-U_S26_L001_R1_001.fastq.gz	19501	18189	18135	18023	17931	17921	17686	0.0557693380179529	1.31131075274817	90.6927849853854
tdna026-Rep2-MiFish-U_S82_L001_R1_001.fastq.gz	76832	73065	72973	72467	71029	71002	60380	0.0380126427234018	14.9601419678319	78.5870470637234
tdna026-Rep3-MiFish-U_S138_L001_R1_001.fastq.gz	85095	79784	79641	79453	78241	78106	67870	0.172543806955431	13.1052672009833	79.7579176214819
tdna027-Rep1-MiFish-U_S27_L001_R1_001.fastq.gz	118144	110586	110377	109115	106563	105824	96969	0.693486482174862	8.36766706985182	82.0769569339112
tdna027-Rep2-MiFish-U_S83_L001_R1_001.fastq.gz	62075	59055	58923	57895	57114	56838	53124	0.483244038239306	6.53436081494775	85.5803463552155
tdna027-Rep3-MiFish-U_S139_L001_R1_001.fastq.gz	83722	78040	77914	77371	74649	74404	72341	0.328202655092497	2.77270039245202	86.4062014763145
tdna028-Rep1-MiFish-U_S28_L001_R1_001.fastq.gz	140566	133393	133220	132415	129556	129311	101747	0.189107413010589	21.3160519986699	72.3837912439708
tdna028-Rep2-MiFish-U_S84_L001_R1_001.fastq.gz	85479	81348	81239	80954	78827	78822	63010	0.00634300430056101	20.0603892314329	73.7140116285871
tdna028-Rep3-MiFish-U_S140_L001_R1_001.fastq.gz	99321	94507	94391	93457	93010	92860	83903	0.161272981399847	9.64570320913202	84.4765960874337
tdna029-Rep1-MiFish-U_S29_L001_R1_001.fastq.gz	43591	39370	39296	39040	38718	38718	31828	0	17.795340668423	73.0150719185153
tdna029-Rep2-MiFish-U_S85_L001_R1_001.fastq.gz	80511	77286	77180	76804	74897	74809	38793	0.117494692711333	48.1439399002794	48.1834780340575
tdna029-Rep3-MiFish-U_S141_L001_R1_001.fastq.gz	88546	83739	83649	82858	81523	81419	68447	0.127571360229624	15.9323990714698	77.3010638538161
tdna030-Rep1-MiFish-U_S30_L001_R1_001.fastq.gz	65825	61717	61617	60963	59606	59563	33079	0.0721403885514889	44.4638450044491	50.2529434105583
tdna030-Rep2-MiFish-U_S86_L001_R1_001.fastq.gz	100830	94885	94794	94045	92127	91948	73190	0.194297003050139	20.4006612433114	72.5875235544977
tdna030-Rep3-MiFish-U_S142_L001_R1_001.fastq.gz	98047	92663	92525	91796	90657	90657	82824	0	8.64025943942552	84.4737727824411
tdna031-Rep1-MiFish-U_S31_L001_R1_001.fastq.gz	83530	79875	79436	79541	77832	77691	61976	0.181159420289859	20.2275681867913	74.196097210583
tdna031-Rep2-MiFish-U_S87_L001_R1_001.fastq.gz	41078	38785	38743	38477	37998	37977	36964	0.0552660666350846	2.66740395502541	89.984906762744
tdna031-Rep3-MiFish-U_S143_L001_R1_001.fastq.gz	64129	60872	60823	60306	60221	60206	59636	0.024908254595573	0.946749493405974	92.9938093530228
tdna032-Rep1-MiFish-U_S32_L001_R1_001.fastq.gz	68828	65493	65289	65204	64719	64719	50921	0	21.3198597011697	73.9829720462602
tdna032-Rep2-MiFish-U_S88_L001_R1_001.fastq.gz	45114	42951	42886	42373	41322	41298	35295	0.0580804414113629	14.5358128722941	78.2351376512834
tdna032-Rep3-MiFish-U_S144_L001_R1_001.fastq.gz	105820	100390	100116	99493	98173	98142	95015	0.0315769101484165	3.18619958835157	89.7892647892648
tdna033-Rep1-MiFish-U_S33_L001_R1_001.fastq.gz	92213	87838	87575	87206	84573	84508	68531	0.0768566800279018	18.9059023997728	74.318154707037
tdna033-Rep2-MiFish-U_S89_L001_R1_001.fastq.gz	41696	39115	39058	38344	37980	37957	34928	0.0605581885202753	7.98008272518904	83.7682271680737
tdna033-Rep3-MiFish-U_S145_L001_R1_001.fastq.gz	88051	83589	83501	82754	80844	80820	73573	0.0296868042155296	8.96683989111607	83.5572565899308
tdna034-Rep1-MiFish-U_S34_L001_R1_001.fastq.gz	91205	86714	86531	85806	82999	82809	70962	0.228918420703863	14.3064159692787	77.8049449043364
tdna034-Rep2-MiFish-U_S90_L001_R1_001.fastq.gz	101448	96395	96273	95443	94351	94298	66481	0.0561732255089993	29.4990349742306	65.5320952606261
tdna034-Rep3-MiFish-U_S146_L001_R1_001.fastq.gz	61276	57507	57453	56836	55739	55739	51602	0	7.42209225138592	84.212415954044
tdna035-Rep1-MiFish-U_S35_L001_R1_001.fastq.gz	88355	84308	84061	83765	82229	82193	75343	0.0437801748774689	8.33404304502817	85.2730462339426
tdna035-Rep2-MiFish-U_S91_L001_R1_001.fastq.gz	491	322	277	224	211	211	211	0	0	42.9735234215886
tdna035-Rep3-MiFish-U_S147_L001_R1_001.fastq.gz	66447	62917	62815	61951	61516	61405	53693	0.180440860914231	12.5592378470809	80.8057549626018
tdna036-Rep1-MiFish-U_S36_L001_R1_001.fastq.gz	6515	5832	5789	5634	5597	5593	4903	0.0714668572449568	12.3368496334704	75.2570990023024
tdna036-Rep2-MiFish-U_S92_L001_R1_001.fastq.gz	98939	93634	93513	93256	92327	92246	83592	0.087731649463322	9.38143659345663	84.4884221591081
tdna036-Rep3-MiFish-U_S148_L001_R1_001.fastq.gz	38356	36216	36143	35854	35318	35318	33225	0	5.92615663401098	86.6226926686829
tdna037-Rep1-MiFish-U_S37_L001_R1_001.fastq.gz	94437	90455	90365	89745	89430	89415	80759	0.0167728950016794	9.68070234300733	85.5162701059966
tdna037-Rep2-MiFish-U_S93_L001_R1_001.fastq.gz	105410	100688	100609	99541	96245	96073	84501	0.178710582367913	12.0450074422574	80.1641210511337
tdna037-Rep3-MiFish-U_S149_L001_R1_001.fastq.gz	86451	82266	82190	81407	80669	80613	76341	0.0694194796018337	5.29939339808716	88.3055141062567
tdna038-Rep1-MiFish-U_S38_L001_R1_001.fastq.gz	146202	137787	137651	136373	134174	133713	101732	0.343583704741604	23.9176445072655	69.5831794366698
tdna038-Rep2-MiFish-U_S94_L001_R1_001.fastq.gz	108771	101972	101850	100985	61882	61855	53711	0.0436314275556668	13.1662759679896	49.3798898603488
tdna038-Rep3-MiFish-U_S150_L001_R1_001.fastq.gz	111388	105348	105235	103835	101516	101455	97462	0.0600890500019631	3.93573505495047	87.4977555930621
tdna039-Rep1-MiFish-U_S39_L001_R1_001.fastq.gz	84979	80693	80369	80096	78678	78648	69393	0.0381300999008545	11.7676228257553	81.6589981054143
tdna039-Rep2-MiFish-U_S95_L001_R1_001.fastq.gz	93803	89288	89156	88063	86664	86538	78050	0.145389088895044	9.80840786706419	83.2062940417684
tdna039-Rep3-MiFish-U_S151_L001_R1_001.fastq.gz	76505	73535	73347	73114	70973	70803	50611	0.23952770771983	28.5185655975029	66.1538461538461
tdna040-Rep1-MiFish-U_S40_L001_R1_001.fastq.gz	60492	57068	57019	56790	56012	55904	39519	0.192815825180318	29.3091728677733	65.3292997421147
tdna040-Rep2-MiFish-U_S96_L001_R1_001.fastq.gz	47925	45422	45374	45116	44298	44293	43099	0.0112871912953239	2.69568554850653	89.9300991131977
tdna040-Rep3-MiFish-U_S152_L001_R1_001.fastq.gz	91532	86700	86646	86047	85021	84913	81768	0.127027440279463	3.70379093896105	89.3326923917319
tdna041-Rep1-MiFish-U_S41_L001_R1_001.fastq.gz	89016	84157	83994	83278	81735	81589	68472	0.178626047592829	16.0769221341112	76.921002965759
tdna041-Rep2-MiFish-U_S97_L001_R1_001.fastq.gz	62111	58551	58506	58359	57600	57554	52305	0.0798611111111143	9.120130659902	84.2121363365587
tdna041-Rep3-MiFish-U_S153_L001_R1_001.fastq.gz	80432	76957	76886	76529	72809	72805	64489	0.00549382631268713	11.4222924249708	80.1782872488562
tdna042-Rep1-MiFish-U_S42_L001_R1_001.fastq.gz	80975	76504	76239	75332	73292	73128	56024	0.223762484309347	23.3891259162017	69.1867860450756
tdna042-Rep2-MiFish-U_S98_L001_R1_001.fastq.gz	93611	87341	87068	86502	83939	83732	73925	0.246607655559387	11.7123680313381	78.9704201429319
tdna042-Rep3-MiFish-U_S154_L001_R1_001.fastq.gz	65828	61888	61710	61082	60634	60567	57052	0.11049905993336	5.80349034953028	86.6682870511029
tdna044-Rep1-MiFish-U_S43_L001_R1_001.fastq.gz	78744	75319	75192	74376	73083	72989	61294	0.128620883105512	16.0229623641919	77.8395814284263
tdna044-Rep2-MiFish-U_S99_L001_R1_001.fastq.gz	95564	90251	90087	89026	88172	88105	71920	0.0759878419452917	18.3701265535441	75.2584655309531
tdna044-Rep3-MiFish-U_S155_L001_R1_001.fastq.gz	84893	80481	80179	79977	77263	77234	71460	0.0375341366501374	7.4759820804309	84.1765516591474
tdna045-Rep1-MiFish-U_S44_L001_R1_001.fastq.gz	102185	96231	96156	95864	94198	94198	77729	0	17.483386059152	76.0669374174292
tdna045-Rep2-MiFish-U_S100_L001_R1_001.fastq.gz	93890	88985	88922	88694	88009	88009	80647	0	8.36505357406628	85.8951965065502
tdna045-Rep3-MiFish-U_S156_L001_R1_001.fastq.gz	93210	89006	88945	87656	85943	85860	80554	0.0965756373410187	6.17982762636851	86.4220577191289
tdna046-Rep1-MiFish-U_S45_L001_R1_001.fastq.gz	62460	59134	59074	58405	58370	58325	53228	0.0770943978071017	8.73896270895843	85.2193403778418
tdna046-Rep2-MiFish-U_S101_L001_R1_001.fastq.gz	71887	68115	67995	67306	65593	65494	53852	0.150930739560636	17.7756741075518	74.9120146897214
tdna046-Rep3-MiFish-U_S157_L001_R1_001.fastq.gz	91729	87731	87391	86493	85175	85111	77859	0.0751394188435626	8.52063775540176	84.8793729354948
tdna047-Rep1-MiFish-U_S46_L001_R1_001.fastq.gz	90257	84073	83780	83017	81826	81791	67508	0.042773690514025	17.4628015307308	74.7953067352117
tdna047-Rep2-MiFish-U_S102_L001_R1_001.fastq.gz	110138	104398	104281	103545	101830	101628	85676	0.19836983207307	15.6964616050695	77.7896820352648
tdna047-Rep3-MiFish-U_S158_L001_R1_001.fastq.gz	94682	90466	90342	89695	88185	87823	81523	0.410500652038323	7.17351946528814	86.101898988192
tdna048-Rep1-MiFish-U_S47_L001_R1_001.fastq.gz	69107	65617	65452	65243	62831	62751	27383	0.127325683181866	56.3624484071967	39.6240612383695
tdna048-Rep2-MiFish-U_S103_L001_R1_001.fastq.gz	93743	88945	88546	88762	87083	87083	81106	0	6.86356694188302	86.5195267913338
tdna048-Rep3-MiFish-U_S159_L001_R1_001.fastq.gz	77780	74303	74241	74163	73991	73987	70699	0.00540606289953871	4.44402395015341	90.8961172537928
tdna049-Rep1-MiFish-U_S48_L001_R1_001.fastq.gz	79228	75608	75532	74795	72647	72565	58699	0.112874585323553	19.1083855853373	74.0887060130257
tdna049-Rep2-MiFish-U_S104_L001_R1_001.fastq.gz	63654	60550	60437	59958	58902	58862	49776	0.0679094088485925	15.436104787469	78.1977566217363
tdna049-Rep3-MiFish-U_S160_L001_R1_001.fastq.gz	32861	31314	31269	31028	30685	30685	27684	0	9.78002281244908	84.2457624539728
tdna050-Rep1-MiFish-U_S49_L001_R1_001.fastq.gz	83413	78394	78242	77413	76889	76686	62586	0.264016959513071	18.3866677098818	75.0314699147615
tdna050-Rep2-MiFish-U_S105_L001_R1_001.fastq.gz	82312	78004	77879	77299	75685	75593	63012	0.121556451080124	16.643075417036	76.5526290212849
tdna050-Rep3-MiFish-U_S161_L001_R1_001.fastq.gz	77241	73679	73620	73005	72671	72626	64297	0.0619229128538166	11.4683446699529	83.2420605636903
tdna051-Rep1-MiFish-U_S50_L001_R1_001.fastq.gz	60465	56683	56495	56087	55464	55358	44154	0.191114957449884	20.2391704902634	73.0240635078144
tdna051-Rep2-MiFish-U_S106_L001_R1_001.fastq.gz	94138	88752	88552	87793	86501	86414	74139	0.100576871943687	14.2048742101974	78.7556565892626
tdna051-Rep3-MiFish-U_S162_L001_R1_001.fastq.gz	62483	58890	58777	58240	57081	56983	48601	0.171685849932558	14.7096502465648	77.7827569098795
tdna052-Rep1-MiFish-U_S51_L001_R1_001.fastq.gz	71884	68467	68312	67781	67291	67271	55012	0.0297216566851404	18.2233057335256	76.5288520393968
tdna052-Rep2-MiFish-U_S107_L001_R1_001.fastq.gz	82493	78187	78081	77336	76189	75931	61577	0.338631560986485	18.9040049518642	74.6451214042404
tdna052-Rep3-MiFish-U_S163_L001_R1_001.fastq.gz	65111	61758	61473	61072	60558	60558	52204	0	13.7950394662968	80.176928629571
tdna053-Rep1-MiFish-U_S52_L001_R1_001.fastq.gz	90540	85052	84939	84318	82897	82897	66839	0	19.3710266957791	73.8226198365363
tdna053-Rep2-MiFish-U_S108_L001_R1_001.fastq.gz	81847	77868	77698	76968	76052	76052	65444	0	13.9483511281755	79.958947792833
tdna053-Rep3-MiFish-U_S164_L001_R1_001.fastq.gz	68452	65080	64938	64290	61310	61298	58429	0.0195726635132871	4.68041371659761	85.3576228598142
tdna054-Rep1-MiFish-U_S53_L001_R1_001.fastq.gz	98363	93385	92531	92487	90043	89859	67796	0.204346812078668	24.5529106711626	68.9242906377398
tdna054-Rep2-MiFish-U_S109_L001_R1_001.fastq.gz	93401	89129	88800	88193	86737	86431	69971	0.352790619919986	19.0440929758999	74.914615475209
tdna054-Rep3-MiFish-U_S165_L001_R1_001.fastq.gz	68576	65666	65544	64869	63409	63244	53904	0.260215426832161	14.7681993548795	78.6047596826878
tdna055-Rep1-MiFish-U_S54_L001_R1_001.fastq.gz	92544	85491	85301	84040	82185	82033	72437	0.184948591592132	11.6977314007777	78.2730376901798
tdna055-Rep2-MiFish-U_S110_L001_R1_001.fastq.gz	91934	87142	87093	86894	85153	85138	75990	0.017615351191381	10.744908266579	82.6571235886614
tdna055-Rep3-MiFish-U_S166_L001_R1_001.fastq.gz	94284	89371	89315	89154	87345	87266	83598	0.0904459327952338	4.20324066646805	88.6661575665012
tdna056-Rep1-MiFish-U_S55_L001_R1_001.fastq.gz	66286	62656	62498	62124	60762	60636	47775	0.207366446134088	21.2101721749456	72.0740427842983
tdna056-Rep2-MiFish-U_S111_L001_R1_001.fastq.gz	81027	77801	77639	76997	75649	75530	60541	0.157305450171179	19.8450946643718	74.717069618769
tdna056-Rep3-MiFish-U_S167_L001_R1_001.fastq.gz	133268	128068	127925	127053	125130	124781	107062	0.278909933668984	14.2000785375979	80.3358645736411
tdna057-Rep1-MiFish-U_S56_L001_R1_001.fastq.gz	68650	64522	64379	63722	62680	62634	49734	0.0733886407147395	20.5958425136507	72.4457392571012
tdna057-Rep2-MiFish-U_S112_L001_R1_001.fastq.gz	76627	72919	72445	72008	70510	70284	56411	0.320521911785562	19.7384895566559	73.6176543515993
tdna057-Rep3-MiFish-U_S168_L001_R1_001.fastq.gz	52819	50394	50273	49829	49184	49128	40871	0.113858165257	16.8071161048689	77.3793521270755
