sample	reads.in	reads.out	percentage_retained
NEG-1_S169_L001_R1_001.fastq.gz	215	122	56.7441860465116
NEG-2_S170_L001_R1_001.fastq.gz	348	186	53.448275862069
NEG-3_S171_L001_R1_001.fastq.gz	385	200	51.9480519480519
NEG-4_S172_L001_R1_001.fastq.gz	217	129	59.4470046082949
tdna001-Rep1-MiFish-U_S1_L001_R1_001.fastq.gz	77195	72904	94.4413498283568
tdna001-Rep2-MiFish-U_S57_L001_R1_001.fastq.gz	66641	62589	93.9196590687415
tdna001-Rep3-MiFish-U_S113_L001_R1_001.fastq.gz	48674	46360	95.2459218473929
tdna002-Rep1-MiFish-U_S2_L001_R1_001.fastq.gz	62403	58461	93.6829960098072
tdna002-Rep2-MiFish-U_S58_L001_R1_001.fastq.gz	86037	81278	94.4686588328277
tdna002-Rep3-MiFish-U_S114_L001_R1_001.fastq.gz	97616	92171	94.4220209801672
tdna003-Rep1-MiFish-U_S3_L001_R1_001.fastq.gz	73983	70066	94.705540461998
tdna003-Rep2-MiFish-U_S59_L001_R1_001.fastq.gz	80129	76603	95.5995956520111
tdna003-Rep3-MiFish-U_S115_L001_R1_001.fastq.gz	69983	65116	93.0454538959462
tdna004-Rep1-MiFish-U_S4_L001_R1_001.fastq.gz	65333	61334	93.8790504033184
tdna004-Rep2-MiFish-U_S60_L001_R1_001.fastq.gz	84768	80147	94.5486504341261
tdna004-Rep3-MiFish-U_S116_L001_R1_001.fastq.gz	41944	40198	95.837306885371
tdna005-Rep1-MiFish-U_S5_L001_R1_001.fastq.gz	65891	62604	95.0114583175244
tdna005-Rep2-MiFish-U_S61_L001_R1_001.fastq.gz	44713	42753	95.6164873750363
tdna005-Rep3-MiFish-U_S117_L001_R1_001.fastq.gz	27889	26464	94.8904586037506
tdna006-Rep1-MiFish-U_S6_L001_R1_001.fastq.gz	1782	1108	62.1773288439955
tdna006-Rep2-MiFish-U_S62_L001_R1_001.fastq.gz	72617	67915	93.5249321784155
tdna006-Rep3-MiFish-U_S118_L001_R1_001.fastq.gz	45856	43664	95.2198185624564
tdna007-Rep1-MiFish-U_S7_L001_R1_001.fastq.gz	84916	80428	94.7147769560507
tdna007-Rep2-MiFish-U_S63_L001_R1_001.fastq.gz	74412	70769	95.1042842552277
tdna007-Rep3-MiFish-U_S119_L001_R1_001.fastq.gz	18968	18148	95.6769295655841
tdna008-Rep1-MiFish-U_S8_L001_R1_001.fastq.gz	44815	42130	94.0087024433783
tdna008-Rep2-MiFish-U_S64_L001_R1_001.fastq.gz	66608	62804	94.2889742973817
tdna008-Rep3-MiFish-U_S120_L001_R1_001.fastq.gz	9115	8483	93.0663741086122
tdna009-Rep1-MiFish-U_S9_L001_R1_001.fastq.gz	1083	638	58.9104339796861
tdna009-Rep2-MiFish-U_S65_L001_R1_001.fastq.gz	871	445	51.0907003444317
tdna009-Rep3-MiFish-U_S121_L001_R1_001.fastq.gz	69030	66378	96.1581920903955
tdna010-Rep1-MiFish-U_S10_L001_R1_001.fastq.gz	103411	97749	94.5247604220054
tdna010-Rep2-MiFish-U_S66_L001_R1_001.fastq.gz	89065	84174	94.5085050244204
tdna010-Rep3-MiFish-U_S122_L001_R1_001.fastq.gz	69145	62186	89.9356424904187
tdna011-Rep1-MiFish-U_S11_L001_R1_001.fastq.gz	86706	82658	95.3313496182502
tdna011-Rep2-MiFish-U_S67_L001_R1_001.fastq.gz	70959	67917	95.7130173762313
tdna011-Rep3-MiFish-U_S123_L001_R1_001.fastq.gz	101786	96617	94.9216984654078
tdna012-Rep1-MiFish-U_S12_L001_R1_001.fastq.gz	84571	79876	94.4484515968831
tdna012-Rep2-MiFish-U_S68_L001_R1_001.fastq.gz	105125	99643	94.785255648038
tdna012-Rep3-MiFish-U_S124_L001_R1_001.fastq.gz	80673	77159	95.6441436416149
tdna013-Rep1-MiFish-U_S13_L001_R1_001.fastq.gz	1433	1081	75.4361479413817
tdna013-Rep2-MiFish-U_S69_L001_R1_001.fastq.gz	44710	42489	95.03243122344
tdna013-Rep3-MiFish-U_S125_L001_R1_001.fastq.gz	77195	73910	95.7445430403524
tdna014-Rep1-MiFish-U_S14_L001_R1_001.fastq.gz	86315	81235	94.1145803162834
tdna014-Rep2-MiFish-U_S70_L001_R1_001.fastq.gz	76649	71923	93.8342313663583
tdna014-Rep3-MiFish-U_S126_L001_R1_001.fastq.gz	43896	41865	95.3731547293603
tdna015-Rep1-MiFish-U_S15_L001_R1_001.fastq.gz	57077	53889	94.4145627836081
tdna015-Rep2-MiFish-U_S71_L001_R1_001.fastq.gz	1163	895	76.9561478933792
tdna015-Rep3-MiFish-U_S127_L001_R1_001.fastq.gz	34258	32742	95.5747562613112
tdna016-Rep1-MiFish-U_S16_L001_R1_001.fastq.gz	90209	85307	94.565952399428
tdna016-Rep2-MiFish-U_S72_L001_R1_001.fastq.gz	81389	77391	95.087788276057
tdna016-Rep3-MiFish-U_S128_L001_R1_001.fastq.gz	103203	98812	95.7452787225178
tdna017-Rep1-MiFish-U_S17_L001_R1_001.fastq.gz	124853	119701	95.8735472916149
tdna017-Rep2-MiFish-U_S73_L001_R1_001.fastq.gz	87738	82991	94.5895735029292
tdna017-Rep3-MiFish-U_S129_L001_R1_001.fastq.gz	76037	72536	95.3956626379263
tdna018-Rep1-MiFish-U_S18_L001_R1_001.fastq.gz	92100	88209	95.7752442996743
tdna018-Rep2-MiFish-U_S74_L001_R1_001.fastq.gz	77947	73510	94.3076705966875
tdna018-Rep3-MiFish-U_S130_L001_R1_001.fastq.gz	85696	80641	94.1012415982076
tdna019-Rep1-MiFish-U_S19_L001_R1_001.fastq.gz	86447	83235	96.284428609437
tdna019-Rep2-MiFish-U_S75_L001_R1_001.fastq.gz	86172	82375	95.5936963282737
tdna019-Rep3-MiFish-U_S131_L001_R1_001.fastq.gz	91892	86732	94.3847124885735
tdna020-Rep1-MiFish-U_S20_L001_R1_001.fastq.gz	139301	133193	95.6152504289273
tdna020-Rep2-MiFish-U_S76_L001_R1_001.fastq.gz	86932	82409	94.7970827773432
tdna020-Rep3-MiFish-U_S132_L001_R1_001.fastq.gz	95458	90830	95.1517945064845
tdna021-Rep1-MiFish-U_S21_L001_R1_001.fastq.gz	94129	90227	95.8546250358551
tdna021-Rep2-MiFish-U_S77_L001_R1_001.fastq.gz	116594	111315	95.472322761034
tdna021-Rep3-MiFish-U_S133_L001_R1_001.fastq.gz	100829	96035	95.2454155054597
tdna022-Rep1-MiFish-U_S22_L001_R1_001.fastq.gz	73152	69448	94.9365704286964
tdna022-Rep2-MiFish-U_S78_L001_R1_001.fastq.gz	89391	84183	94.1739101251804
tdna022-Rep3-MiFish-U_S134_L001_R1_001.fastq.gz	89349	84965	95.0933977996396
tdna023-Rep1-MiFish-U_S23_L001_R1_001.fastq.gz	81261	78027	96.0202311071732
tdna023-Rep2-MiFish-U_S79_L001_R1_001.fastq.gz	68144	64683	94.921049542146
tdna023-Rep3-MiFish-U_S135_L001_R1_001.fastq.gz	76409	73260	95.8787577379628
tdna024-Rep1-MiFish-U_S24_L001_R1_001.fastq.gz	103177	99207	96.1522432325034
tdna024-Rep2-MiFish-U_S80_L001_R1_001.fastq.gz	66559	61902	93.0032001682718
tdna024-Rep3-MiFish-U_S136_L001_R1_001.fastq.gz	75805	72532	95.6823428533738
tdna025-Rep1-MiFish-U_S25_L001_R1_001.fastq.gz	207931	197967	95.2080257393078
tdna025-Rep2-MiFish-U_S81_L001_R1_001.fastq.gz	104428	99809	95.5768567817061
tdna025-Rep3-MiFish-U_S137_L001_R1_001.fastq.gz	83148	79025	95.0413720113532
tdna026-Rep1-MiFish-U_S26_L001_R1_001.fastq.gz	19501	18189	93.272139890262
tdna026-Rep2-MiFish-U_S82_L001_R1_001.fastq.gz	76832	73065	95.0970949604332
tdna026-Rep3-MiFish-U_S138_L001_R1_001.fastq.gz	85095	79784	93.758740231506
tdna027-Rep1-MiFish-U_S27_L001_R1_001.fastq.gz	118144	110586	93.6027221018418
tdna027-Rep2-MiFish-U_S83_L001_R1_001.fastq.gz	62075	59055	95.1349174385824
tdna027-Rep3-MiFish-U_S139_L001_R1_001.fastq.gz	83722	78040	93.2132533862067
tdna028-Rep1-MiFish-U_S28_L001_R1_001.fastq.gz	140566	133393	94.8970590327675
tdna028-Rep2-MiFish-U_S84_L001_R1_001.fastq.gz	85479	81348	95.1672340574878
tdna028-Rep3-MiFish-U_S140_L001_R1_001.fastq.gz	99321	94507	95.1530894775526
tdna029-Rep1-MiFish-U_S29_L001_R1_001.fastq.gz	43591	39370	90.3168085155193
tdna029-Rep2-MiFish-U_S85_L001_R1_001.fastq.gz	80511	77286	95.9943361776652
tdna029-Rep3-MiFish-U_S141_L001_R1_001.fastq.gz	88546	83739	94.571183339733
tdna030-Rep1-MiFish-U_S30_L001_R1_001.fastq.gz	65825	61717	93.7592100265856
tdna030-Rep2-MiFish-U_S86_L001_R1_001.fastq.gz	100830	94885	94.103937320242
tdna030-Rep3-MiFish-U_S142_L001_R1_001.fastq.gz	98047	92663	94.5087560047732
tdna031-Rep1-MiFish-U_S31_L001_R1_001.fastq.gz	83530	79875	95.6243265892494
tdna031-Rep2-MiFish-U_S87_L001_R1_001.fastq.gz	41078	38785	94.4179366084035
tdna031-Rep3-MiFish-U_S143_L001_R1_001.fastq.gz	64129	60872	94.9211745076331
tdna032-Rep1-MiFish-U_S32_L001_R1_001.fastq.gz	68828	65493	95.1545882489684
tdna032-Rep2-MiFish-U_S88_L001_R1_001.fastq.gz	45114	42951	95.2054794520548
tdna032-Rep3-MiFish-U_S144_L001_R1_001.fastq.gz	105820	100390	94.8686448686449
tdna033-Rep1-MiFish-U_S33_L001_R1_001.fastq.gz	92213	87838	95.2555496513507
tdna033-Rep2-MiFish-U_S89_L001_R1_001.fastq.gz	41696	39115	93.809957789716
tdna033-Rep3-MiFish-U_S145_L001_R1_001.fastq.gz	88051	83589	94.9324823113877
tdna034-Rep1-MiFish-U_S34_L001_R1_001.fastq.gz	91205	86714	95.0759278548325
tdna034-Rep2-MiFish-U_S90_L001_R1_001.fastq.gz	101448	96395	95.0191230975475
tdna034-Rep3-MiFish-U_S146_L001_R1_001.fastq.gz	61276	57507	93.8491415888766
tdna035-Rep1-MiFish-U_S35_L001_R1_001.fastq.gz	88355	84308	95.4196140569294
tdna035-Rep2-MiFish-U_S91_L001_R1_001.fastq.gz	491	322	65.5804480651731
tdna035-Rep3-MiFish-U_S147_L001_R1_001.fastq.gz	66447	62917	94.6874952970036
tdna036-Rep1-MiFish-U_S36_L001_R1_001.fastq.gz	6515	5832	89.5165003837299
tdna036-Rep2-MiFish-U_S92_L001_R1_001.fastq.gz	98939	93634	94.6381103508222
tdna036-Rep3-MiFish-U_S148_L001_R1_001.fastq.gz	38356	36216	94.4206903743873
tdna037-Rep1-MiFish-U_S37_L001_R1_001.fastq.gz	94437	90455	95.7834323411375
tdna037-Rep2-MiFish-U_S93_L001_R1_001.fastq.gz	105410	100688	95.5203491129874
tdna037-Rep3-MiFish-U_S149_L001_R1_001.fastq.gz	86451	82266	95.1591074712843
tdna038-Rep1-MiFish-U_S38_L001_R1_001.fastq.gz	146202	137787	94.2442647843395
tdna038-Rep2-MiFish-U_S94_L001_R1_001.fastq.gz	108771	101972	93.7492530178081
tdna038-Rep3-MiFish-U_S150_L001_R1_001.fastq.gz	111388	105348	94.5775128380077
tdna039-Rep1-MiFish-U_S39_L001_R1_001.fastq.gz	84979	80693	94.9564009931865
tdna039-Rep2-MiFish-U_S95_L001_R1_001.fastq.gz	93803	89288	95.1867211070008
tdna039-Rep3-MiFish-U_S151_L001_R1_001.fastq.gz	76505	73535	96.117900790798
tdna040-Rep1-MiFish-U_S40_L001_R1_001.fastq.gz	60492	57068	94.3397474046155
tdna040-Rep2-MiFish-U_S96_L001_R1_001.fastq.gz	47925	45422	94.7772561293688
tdna040-Rep3-MiFish-U_S152_L001_R1_001.fastq.gz	91532	86700	94.7209719005375
tdna041-Rep1-MiFish-U_S41_L001_R1_001.fastq.gz	89016	84157	94.5414307540217
tdna041-Rep2-MiFish-U_S97_L001_R1_001.fastq.gz	62111	58551	94.2683260614062
tdna041-Rep3-MiFish-U_S153_L001_R1_001.fastq.gz	80432	76957	95.6795802665606
tdna042-Rep1-MiFish-U_S42_L001_R1_001.fastq.gz	80975	76504	94.4785427601112
tdna042-Rep2-MiFish-U_S98_L001_R1_001.fastq.gz	93611	87341	93.3020692012691
tdna042-Rep3-MiFish-U_S154_L001_R1_001.fastq.gz	65828	61888	94.0147049887586
tdna044-Rep1-MiFish-U_S43_L001_R1_001.fastq.gz	78744	75319	95.6504622574418
tdna044-Rep2-MiFish-U_S99_L001_R1_001.fastq.gz	95564	90251	94.4403750366247
tdna044-Rep3-MiFish-U_S155_L001_R1_001.fastq.gz	84893	80481	94.8028694945402
tdna045-Rep1-MiFish-U_S44_L001_R1_001.fastq.gz	102185	96231	94.1733131085776
tdna045-Rep2-MiFish-U_S100_L001_R1_001.fastq.gz	93890	88985	94.7758014698051
tdna045-Rep3-MiFish-U_S156_L001_R1_001.fastq.gz	93210	89006	95.4897543182062
tdna046-Rep1-MiFish-U_S45_L001_R1_001.fastq.gz	62460	59134	94.6749919948767
tdna046-Rep2-MiFish-U_S101_L001_R1_001.fastq.gz	71887	68115	94.7528760415652
tdna046-Rep3-MiFish-U_S157_L001_R1_001.fastq.gz	91729	87731	95.6415092282702
tdna047-Rep1-MiFish-U_S46_L001_R1_001.fastq.gz	90257	84073	93.1484538595344
tdna047-Rep2-MiFish-U_S102_L001_R1_001.fastq.gz	110138	104398	94.7883564255752
tdna047-Rep3-MiFish-U_S158_L001_R1_001.fastq.gz	94682	90466	95.547200101392
tdna048-Rep1-MiFish-U_S47_L001_R1_001.fastq.gz	69107	65617	94.9498603614685
tdna048-Rep2-MiFish-U_S103_L001_R1_001.fastq.gz	93743	88945	94.8817511707541
tdna048-Rep3-MiFish-U_S159_L001_R1_001.fastq.gz	77780	74303	95.5296991514528
tdna049-Rep1-MiFish-U_S48_L001_R1_001.fastq.gz	79228	75608	95.4309082647549
tdna049-Rep2-MiFish-U_S104_L001_R1_001.fastq.gz	63654	60550	95.1236371634147
tdna049-Rep3-MiFish-U_S160_L001_R1_001.fastq.gz	32861	31314	95.2922917744439
tdna050-Rep1-MiFish-U_S49_L001_R1_001.fastq.gz	83413	78394	93.9829522976035
tdna050-Rep2-MiFish-U_S105_L001_R1_001.fastq.gz	82312	78004	94.7662552240257
tdna050-Rep3-MiFish-U_S161_L001_R1_001.fastq.gz	77241	73679	95.3884594968993
tdna051-Rep1-MiFish-U_S50_L001_R1_001.fastq.gz	60465	56683	93.7451418175804
tdna051-Rep2-MiFish-U_S106_L001_R1_001.fastq.gz	94138	88752	94.2786122501009
tdna051-Rep3-MiFish-U_S162_L001_R1_001.fastq.gz	62483	58890	94.2496359009651
tdna052-Rep1-MiFish-U_S51_L001_R1_001.fastq.gz	71884	68467	95.2465082633131
tdna052-Rep2-MiFish-U_S107_L001_R1_001.fastq.gz	82493	78187	94.7801631653595
tdna052-Rep3-MiFish-U_S163_L001_R1_001.fastq.gz	65111	61758	94.8503325090998
tdna053-Rep1-MiFish-U_S52_L001_R1_001.fastq.gz	90540	85052	93.9385906781533
tdna053-Rep2-MiFish-U_S108_L001_R1_001.fastq.gz	81847	77868	95.1384901095947
tdna053-Rep3-MiFish-U_S164_L001_R1_001.fastq.gz	68452	65080	95.0739204113832
tdna054-Rep1-MiFish-U_S53_L001_R1_001.fastq.gz	98363	93385	94.9391539501642
tdna054-Rep2-MiFish-U_S109_L001_R1_001.fastq.gz	93401	89129	95.4261731673108
tdna054-Rep3-MiFish-U_S165_L001_R1_001.fastq.gz	68576	65666	95.7565328978068
tdna055-Rep1-MiFish-U_S54_L001_R1_001.fastq.gz	92544	85491	92.378760373444
tdna055-Rep2-MiFish-U_S110_L001_R1_001.fastq.gz	91934	87142	94.7875649922771
tdna055-Rep3-MiFish-U_S166_L001_R1_001.fastq.gz	94284	89371	94.789147681473
tdna056-Rep1-MiFish-U_S55_L001_R1_001.fastq.gz	66286	62656	94.5237305011616
tdna056-Rep2-MiFish-U_S111_L001_R1_001.fastq.gz	81027	77801	96.0186110802572
tdna056-Rep3-MiFish-U_S167_L001_R1_001.fastq.gz	133268	128068	96.0980880631509
tdna057-Rep1-MiFish-U_S56_L001_R1_001.fastq.gz	68650	64522	93.98689002185
tdna057-Rep2-MiFish-U_S112_L001_R1_001.fastq.gz	76627	72919	95.1609745912015
tdna057-Rep3-MiFish-U_S168_L001_R1_001.fastq.gz	52819	50394	95.4088490883962
