row_names	input	filtered	denoisedF	denoisedR	merged	nosingletons	nochimeras	percent_singletons	percent_chimeras	percent_retained_of_total
Neg1-MiFish-E_S341_L001_R1_001.fastq.gz	216	153	125	104	58	58	58	0	0	26.8518518518519
Neg2-MiFish-E_S342_L001_R1_001.fastq.gz	325	195	152	107	91	91	91	0	0	28
Neg3-MiFish-E_S343_L001_R1_001.fastq.gz	265	192	166	153	138	138	138	0	0	52.0754716981132
tdna001-Rep1-MiFish-E_S173_L001_R1_001.fastq.gz	48001	44747	44636	44232	43512	43416	40793	0.220628792057369	6.0415515017505	84.983646174038
tdna001-Rep2-MiFish-E_S229_L001_R1_001.fastq.gz	93007	87736	87644	87116	84594	84518	84239	0.0898408870605465	0.330107196100244	90.5727525885148
tdna001-Rep3-MiFish-E_S285_L001_R1_001.fastq.gz	9381	8918	8881	8855	8820	8803	8787	0.192743764172334	0.181756219470628	93.6680524464343
tdna002-Rep1-MiFish-E_S174_L001_R1_001.fastq.gz	42830	39874	39739	39209	38837	38807	38807	0.0772459252774524	0	90.6070511323838
tdna002-Rep2-MiFish-E_S230_L001_R1_001.fastq.gz	68034	64382	64213	63111	62229	62206	57449	0.0369602596859977	7.64717229849211	84.4416027280477
tdna002-Rep3-MiFish-E_S286_L001_R1_001.fastq.gz	20392	19123	19056	18859	18390	18378	18156	0.0652528548123996	1.20796604635977	89.0349156531973
tdna003-Rep1-MiFish-E_S175_L001_R1_001.fastq.gz	24047	22595	22522	22266	21936	21928	21840	0.0364697301239971	0.40131338927398	90.8221399758806
tdna003-Rep2-MiFish-E_S231_L001_R1_001.fastq.gz	55640	53041	52977	52230	51790	51790	51463	0	0.63139602239815	92.4928109273904
tdna003-Rep3-MiFish-E_S287_L001_R1_001.fastq.gz	23401	21994	21934	21623	21300	21280	21273	0.0938967136150239	0.0328947368421098	90.9063715225845
tdna004-Rep1-MiFish-E_S176_L001_R1_001.fastq.gz	68940	64354	64233	63150	62565	62565	62565	0	0	90.7528285465622
tdna004-Rep2-MiFish-E_S232_L001_R1_001.fastq.gz	30517	28564	28297	28016	27721	27721	25052	0	9.62807979510119	82.0919487498771
tdna004-Rep3-MiFish-E_S288_L001_R1_001.fastq.gz	51200	48413	48312	47998	47387	47387	45922	0	3.09156519720598	89.69140625
tdna005-Rep1-MiFish-E_S177_L001_R1_001.fastq.gz	7384	6589	6510	6285	6243	6243	6243	0	0	84.5476706392199
tdna005-Rep2-MiFish-E_S233_L001_R1_001.fastq.gz	11138	10508	10465	10289	10240	10231	10200	0.087890625	0.303000684195098	91.5783803196265
tdna005-Rep3-MiFish-E_S289_L001_R1_001.fastq.gz	3087	2857	2797	2763	2658	2658	2658	0	0	86.1030126336249
tdna006-Rep1-MiFish-E_S178_L001_R1_001.fastq.gz	27038	24545	24445	24039	23681	23643	23643	0.160466196528859	0	87.4435978992529
tdna006-Rep2-MiFish-E_S234_L001_R1_001.fastq.gz	28339	26262	26208	25919	25424	25412	24952	0.0471994965387097	1.81016842436644	88.0482726984015
tdna006-Rep3-MiFish-E_S290_L001_R1_001.fastq.gz	24878	23353	23306	22920	22738	22698	22698	0.175916967191483	0	91.237237720074
tdna007-Rep1-MiFish-E_S179_L001_R1_001.fastq.gz	4278	3766	3683	3586	3536	3530	3074	0.16968325791855	12.9178470254958	71.8560074801309
tdna007-Rep2-MiFish-E_S235_L001_R1_001.fastq.gz	11172	10495	10400	10286	10097	10089	8729	0.0792314548875908	13.4800277529983	78.1328320802005
tdna007-Rep3-MiFish-E_S291_L001_R1_001.fastq.gz	28445	27210	27152	26850	26528	26505	26212	0.0867008443908333	1.10545180154688	92.1497626999473
tdna008-Rep1-MiFish-E_S180_L001_R1_001.fastq.gz	10889	9720	9514	9261	9175	9156	9156	0.20708446866486	0	84.0848562769768
tdna008-Rep2-MiFish-E_S236_L001_R1_001.fastq.gz	21462	20107	20024	19664	18775	18759	18196	0.0852197070572629	3.00122607814916	84.7824061131302
tdna008-Rep3-MiFish-E_S292_L001_R1_001.fastq.gz	15169	14261	14191	14054	13689	13674	13432	0.109577032653945	1.76978206815855	88.5490144373393
tdna009-Rep1-MiFish-E_S181_L001_R1_001.fastq.gz	3437	2820	2786	2620	2596	2596	2572	0	0.924499229583972	74.8327029386093
tdna009-Rep2-MiFish-E_S237_L001_R1_001.fastq.gz	2066	1164	1088	912	863	863	863	0	0	41.7715392061955
tdna009-Rep3-MiFish-E_S293_L001_R1_001.fastq.gz	1187	1067	1038	998	976	976	965	0	1.12704918032787	81.2973883740522
tdna010-Rep1-MiFish-E_S182_L001_R1_001.fastq.gz	18420	16565	16465	16151	15946	15939	15837	0.0438981562774359	0.639939770374554	85.9771986970684
tdna010-Rep2-MiFish-E_S238_L001_R1_001.fastq.gz	37011	33649	33511	32896	32113	32082	30644	0.096534113910252	4.48226419799265	82.7970062954257
tdna010-Rep3-MiFish-E_S294_L001_R1_001.fastq.gz	10152	9354	9307	9204	8997	8979	8979	0.2000666888963	0	88.4456264775414
tdna011-Rep1-MiFish-E_S183_L001_R1_001.fastq.gz	21183	19945	19868	19339	18865	18846	18689	0.100715610919693	0.833068025045108	88.2264079686541
tdna011-Rep2-MiFish-E_S239_L001_R1_001.fastq.gz	9979	9077	9022	8849	8506	8506	8122	0	4.51446038090759	81.3909209339613
tdna011-Rep3-MiFish-E_S295_L001_R1_001.fastq.gz	17009	15940	15882	15735	15566	15542	8264	0.154182191956835	46.827950070776	48.5860426832853
tdna012-Rep1-MiFish-E_S184_L001_R1_001.fastq.gz	75301	70620	70566	70197	69716	69692	68686	0.0344253829823771	1.44349423176261	91.2152561054966
tdna012-Rep2-MiFish-E_S240_L001_R1_001.fastq.gz	89156	82643	82564	82022	78909	78909	76660	0	2.85011849091991	85.9841177262327
tdna012-Rep3-MiFish-E_S296_L001_R1_001.fastq.gz	86540	82307	82262	81999	80294	80206	77780	0.109597230179091	3.02471136822682	89.8775132886527
tdna013-Rep1-MiFish-E_S185_L001_R1_001.fastq.gz	9806	9001	8956	8795	8730	8723	8723	0.0801832760595573	0	88.9557413828268
tdna013-Rep2-MiFish-E_S241_L001_R1_001.fastq.gz	33651	31183	31103	30694	30145	30138	29586	0.0232210980261982	1.83157475612184	87.9201212445395
tdna013-Rep3-MiFish-E_S297_L001_R1_001.fastq.gz	35725	33970	33918	33690	33449	33411	32770	0.11360578791593	1.91852982550657	91.7284814555633
tdna014-Rep1-MiFish-E_S186_L001_R1_001.fastq.gz	38865	35795	35667	35209	34982	34948	32741	0.0971928420330386	6.31509671511961	84.2428920622668
tdna014-Rep2-MiFish-E_S242_L001_R1_001.fastq.gz	27026	24246	24167	23796	23702	23674	23263	0.118133490844656	1.73608177747741	86.0763709020943
tdna014-Rep3-MiFish-E_S298_L001_R1_001.fastq.gz	48826	46064	46020	45220	44156	44133	42797	0.0520880514539357	3.02721319647429	87.6520706181133
tdna015-Rep1-MiFish-E_S187_L001_R1_001.fastq.gz	16824	15526	15430	15273	14949	14941	14941	0.0535152853033622	0	88.8076557299097
tdna015-Rep2-MiFish-E_S243_L001_R1_001.fastq.gz	8729	7940	7884	7682	7521	7521	7521	0	0	86.1610722877764
tdna015-Rep3-MiFish-E_S299_L001_R1_001.fastq.gz	8611	8192	8096	8062	7765	7765	7765	0	0	90.175357101382
tdna016-Rep1-MiFish-E_S188_L001_R1_001.fastq.gz	549756	501283	499848	493926	481401	476341	458980	1.05109877212553	3.64465792363035	83.4879473802924
tdna016-Rep2-MiFish-E_S244_L001_R1_001.fastq.gz	218511	204610	203965	200809	195751	195115	183488	0.324902554776216	5.9590497911488	83.9719739509681
tdna016-Rep3-MiFish-E_S300_L001_R1_001.fastq.gz	150612	142857	142601	141192	138002	137866	133752	0.0985492963870058	2.98405698286743	88.8056728547526
tdna017-Rep1-MiFish-E_S189_L001_R1_001.fastq.gz	85831	81271	81122	80227	79618	79567	78768	0.0640558667637947	1.00418515213593	91.7710384359963
tdna017-Rep2-MiFish-E_S245_L001_R1_001.fastq.gz	10912	10223	10187	10058	9980	9979	9744	0.010020040080164	2.35494538530915	89.2961876832845
tdna017-Rep3-MiFish-E_S301_L001_R1_001.fastq.gz	29659	27799	27709	27269	26979	26922	26634	0.211275436450578	1.06975707599733	89.80073502141
tdna018-Rep1-MiFish-E_S190_L001_R1_001.fastq.gz	55122	51874	51698	51515	51046	51034	50404	0.0235082082827347	1.23447113688914	91.4408040346867
tdna018-Rep2-MiFish-E_S246_L001_R1_001.fastq.gz	51066	48284	48168	47653	46787	46723	44072	0.136790134011591	5.67386511996233	86.3039987467199
tdna018-Rep3-MiFish-E_S302_L001_R1_001.fastq.gz	39116	35884	35706	35386	34989	34941	33790	0.137185972734287	3.29412438109958	86.3840883525923
tdna019-Rep1-MiFish-E_S191_L001_R1_001.fastq.gz	147771	141688	141443	139600	138561	138465	136358	0.0692835646394059	1.52168418011772	92.276563060411
tdna019-Rep2-MiFish-E_S247_L001_R1_001.fastq.gz	72624	69210	69102	68250	67592	67592	67063	0	0.782636998461356	92.3427517074245
tdna019-Rep3-MiFish-E_S303_L001_R1_001.fastq.gz	105068	99021	98927	98133	95827	95736	91055	0.0949627975413989	4.88948775800117	86.662923059352
tdna020-Rep1-MiFish-E_S192_L001_R1_001.fastq.gz	33693	31349	31275	30869	30619	30617	30145	0.00653189196249571	1.54162720057485	89.4696227703084
tdna020-Rep2-MiFish-E_S248_L001_R1_001.fastq.gz	142250	133759	133440	131743	129736	129622	125743	0.0878707529136165	2.99254756137076	88.3957820738137
tdna020-Rep3-MiFish-E_S304_L001_R1_001.fastq.gz	26114	24341	24251	24021	23734	23677	13924	0.24016179320806	41.1918739705199	53.3200582063261
tdna021-Rep1-MiFish-E_S193_L001_R1_001.fastq.gz	108115	103175	103059	102017	97406	97122	96528	0.291563148060689	0.611601902761478	89.2827082273505
tdna021-Rep2-MiFish-E_S249_L001_R1_001.fastq.gz	155725	148111	148030	147358	142622	142515	131840	0.0750234886623389	7.49043960284882	84.6620645368438
tdna021-Rep3-MiFish-E_S305_L001_R1_001.fastq.gz	23621	22066	21984	21876	21457	21445	20403	0.0559258050985676	4.85894147820005	86.3765293594683
tdna022-Rep1-MiFish-E_S194_L001_R1_001.fastq.gz	17482	16041	15946	15549	15402	15392	15312	0.0649266329048146	0.519750519750517	87.5872325820844
tdna022-Rep2-MiFish-E_S250_L001_R1_001.fastq.gz	9736	8908	8841	8749	8691	8679	7857	0.138073869520198	9.47113722779122	80.7004930156122
tdna022-Rep3-MiFish-E_S306_L001_R1_001.fastq.gz	23125	21329	21264	20927	20484	20461	18510	0.112282757273974	9.53521333268169	80.0432432432432
tdna023-Rep1-MiFish-E_S195_L001_R1_001.fastq.gz	21726	20371	20318	20090	19917	19903	19562	0.070291710598994	1.71330955132392	90.0395839086808
tdna023-Rep2-MiFish-E_S251_L001_R1_001.fastq.gz	14894	14005	13953	13851	13810	13810	13810	0	0	92.7219014368202
tdna023-Rep3-MiFish-E_S307_L001_R1_001.fastq.gz	15029	14175	14110	14046	13746	13726	13101	0.145496871817258	4.5534023022002	87.1714684942445
tdna024-Rep1-MiFish-E_S196_L001_R1_001.fastq.gz	20709	19399	19284	19031	18399	18393	18393	0.0326104679602111	0	88.8164566130668
tdna024-Rep2-MiFish-E_S252_L001_R1_001.fastq.gz	32270	30199	30132	29697	29267	29267	28452	0	2.78470632452932	88.1685776262783
tdna024-Rep3-MiFish-E_S308_L001_R1_001.fastq.gz	29233	27306	27237	26873	26755	26755	26372	0	1.43150812932163	90.2131153148839
tdna025-Rep1-MiFish-E_S197_L001_R1_001.fastq.gz	7236	6673	6612	6521	6464	6459	6459	0.0773514851485118	0	89.2620232172471
tdna025-Rep2-MiFish-E_S253_L001_R1_001.fastq.gz	2984	2732	2707	2637	2624	2622	2367	0.0762195121951237	9.7254004576659	79.3230563002681
tdna025-Rep3-MiFish-E_S309_L001_R1_001.fastq.gz	1693	1444	1399	1320	1309	1309	1293	0	1.22230710466005	76.3733018310691
tdna026-Rep1-MiFish-E_S198_L001_R1_001.fastq.gz	8078	7502	7419	7301	7254	7249	7243	0.068927488282327	0.0827700372465188	89.6632829908393
tdna026-Rep2-MiFish-E_S254_L001_R1_001.fastq.gz	4037	3719	3699	3648	3620	3618	3216	0.0552486187845318	11.1111111111111	79.6631161753778
tdna026-Rep3-MiFish-E_S310_L001_R1_001.fastq.gz	2212	1638	1594	1470	1444	1444	1432	0	0.83102493074793	64.7377938517179
tdna027-Rep1-MiFish-E_S199_L001_R1_001.fastq.gz	26943	25558	25501	25046	24902	24865	24694	0.148582443177261	0.687713653730142	91.6527483947593
tdna027-Rep2-MiFish-E_S255_L001_R1_001.fastq.gz	5119	4779	4749	4625	4570	4570	4554	0	0.350109409190367	88.9626880250049
tdna027-Rep3-MiFish-E_S311_L001_R1_001.fastq.gz	14452	13200	13144	12803	12579	12562	12301	0.135145878050722	2.07769463461233	85.1162468862441
tdna028-Rep1-MiFish-E_S200_L001_R1_001.fastq.gz	215046	202590	202418	199832	194632	194106	190878	0.270253606806691	1.66300887144138	88.7614742892218
tdna028-Rep2-MiFish-E_S256_L001_R1_001.fastq.gz	93213	85525	85441	84513	82712	82707	81631	0.00604507205726179	1.30097815178884	87.5746945168592
tdna028-Rep3-MiFish-E_S312_L001_R1_001.fastq.gz	76163	72318	72222	71103	69573	69573	68753	0	1.17861814209536	90.2708664312068
tdna029-Rep1-MiFish-E_S201_L001_R1_001.fastq.gz	72212	68802	68709	68040	67821	67816	66437	0.00737234779788309	2.03344343517755	92.0027142303218
tdna029-Rep2-MiFish-E_S257_L001_R1_001.fastq.gz	86158	81629	81535	80662	79990	79987	79584	0.00375046880860452	0.503831872679299	92.3698321688061
tdna029-Rep3-MiFish-E_S313_L001_R1_001.fastq.gz	45111	42599	42533	42064	41713	41707	41513	0.0143840049864536	0.465149735056471	92.0241182860056
tdna030-Rep1-MiFish-E_S202_L001_R1_001.fastq.gz	99950	93336	92999	92430	91229	91215	90458	0.0153459974350199	0.829907361727791	90.5032516258129
tdna030-Rep2-MiFish-E_S258_L001_R1_001.fastq.gz	118794	110169	110019	108914	108004	107993	107108	0.0101848079700773	0.819497560027031	90.16280283516
tdna030-Rep3-MiFish-E_S314_L001_R1_001.fastq.gz	58519	55232	55167	54570	54428	54422	54053	0.0110237377820255	0.678034618352868	92.3682906406466
tdna031-Rep1-MiFish-E_S203_L001_R1_001.fastq.gz	18945	17861	17798	17473	17134	17102	17102	0.186763160966493	0	90.2718395354975
tdna031-Rep2-MiFish-E_S259_L001_R1_001.fastq.gz	29886	28429	28381	28107	27904	27891	27891	0.0465883027522977	0	93.3246336077093
tdna031-Rep3-MiFish-E_S315_L001_R1_001.fastq.gz	2884	2680	2583	2555	2459	2459	2455	0	0.162667751118335	85.124826629681
tdna032-Rep1-MiFish-E_S204_L001_R1_001.fastq.gz	2682	2184	2148	2033	1983	1983	1983	0	0	73.9373601789709
tdna032-Rep2-MiFish-E_S260_L001_R1_001.fastq.gz	27196	25525	25487	25376	25332	25332	25332	0	0	93.1460508898367
tdna032-Rep3-MiFish-E_S316_L001_R1_001.fastq.gz	7455	6699	6613	6351	6283	6283	6033	0	3.97899092790068	80.9255533199195
tdna033-Rep1-MiFish-E_S205_L001_R1_001.fastq.gz	31270	29107	29002	28217	27769	27742	27742	0.0972307249090676	0	88.7176207227375
tdna033-Rep2-MiFish-E_S261_L001_R1_001.fastq.gz	7077	6655	6632	6532	6511	6508	6508	0.0460758716019001	0	91.959870001413
tdna033-Rep3-MiFish-E_S317_L001_R1_001.fastq.gz	56085	52818	52682	52083	51812	51812	51354	0	0.883965104608976	91.5645894624231
tdna034-Rep1-MiFish-E_S206_L001_R1_001.fastq.gz	252346	237022	236635	233765	229277	228464	223945	0.354592915992441	1.97799215631346	88.745214903347
tdna034-Rep2-MiFish-E_S262_L001_R1_001.fastq.gz	9193	8617	8581	8530	8460	8460	8460	0	0	92.0265419340803
tdna034-Rep3-MiFish-E_S318_L001_R1_001.fastq.gz	184329	171950	171742	169979	168094	167963	165775	0.0779325853391555	1.30266784946684	89.9343022530367
tdna035-Rep1-MiFish-E_S207_L001_R1_001.fastq.gz	190624	181729	181555	178588	175762	175503	171130	0.14735835959992	2.49169529865586	89.7735856974987
tdna035-Rep2-MiFish-E_S263_L001_R1_001.fastq.gz	13660	13111	13064	12862	12845	12845	8545	0	33.4760607240171	62.5549048316252
tdna035-Rep3-MiFish-E_S319_L001_R1_001.fastq.gz	73955	69673	69590	68794	67554	67511	67158	0.0636527814785239	0.522877753255031	90.809275911027
tdna036-Rep1-MiFish-E_S208_L001_R1_001.fastq.gz	72210	67267	66932	66254	64896	64823	62919	0.112487672583825	2.93722906992888	87.1333610303282
tdna036-Rep2-MiFish-E_S264_L001_R1_001.fastq.gz	12763	12061	12037	11880	11766	11766	11766	0	0	92.1883569693646
tdna036-Rep3-MiFish-E_S320_L001_R1_001.fastq.gz	19901	18576	18514	18164	18097	18091	17889	0.0331546665193088	1.11657730363164	89.8899552786292
tdna037-Rep1-MiFish-E_S209_L001_R1_001.fastq.gz	82902	78319	78229	77542	76846	76838	76143	0.0104104312521116	0.904500377417435	91.8470000723746
tdna037-Rep2-MiFish-E_S265_L001_R1_001.fastq.gz	8123	7740	7716	7621	7609	7609	7609	0	0	93.6722885633387
tdna037-Rep3-MiFish-E_S321_L001_R1_001.fastq.gz	98537	93311	93223	92360	89915	89911	85090	0.00444864594338412	5.36196905829097	86.3533495032323
tdna038-Rep1-MiFish-E_S210_L001_R1_001.fastq.gz	70865	65165	65018	64626	63642	63587	62491	0.0864209170044887	1.72362275307846	88.1831651732167
tdna038-Rep2-MiFish-E_S266_L001_R1_001.fastq.gz	84253	78764	78668	78254	76325	76279	74818	0.0602685882738285	1.91533711768639	88.8015857002125
tdna038-Rep3-MiFish-E_S322_L001_R1_001.fastq.gz	66636	62441	62349	61607	60501	60497	59436	0.00661146096759069	1.75380597384994	89.1950297136683
tdna039-Rep1-MiFish-E_S211_L001_R1_001.fastq.gz	13764	12670	12612	12419	12377	12377	12130	0	1.99563706875657	88.1284510316768
tdna039-Rep2-MiFish-E_S267_L001_R1_001.fastq.gz	16029	15186	15153	15074	15036	15018	15010	0.119712689545096	0.0532694100412812	93.6427724748893
tdna039-Rep3-MiFish-E_S323_L001_R1_001.fastq.gz	6567	6101	6077	5915	5816	5807	4835	0.154745529573589	16.7384191493026	73.6257042789706
tdna040-Rep1-MiFish-E_S212_L001_R1_001.fastq.gz	11022	9089	8977	8618	8583	8575	8575	0.0932075032040132	0	77.7989475594266
tdna040-Rep2-MiFish-E_S268_L001_R1_001.fastq.gz	14822	14073	14030	13836	13817	13810	13810	0.0506622276905233	0	93.172311428957
tdna040-Rep3-MiFish-E_S324_L001_R1_001.fastq.gz	13190	12173	12114	11909	11794	11773	11568	0.178056638968968	1.74127240295591	87.7028051554208
tdna041-Rep1-MiFish-E_S213_L001_R1_001.fastq.gz	178200	167726	167299	165741	162589	162394	159180	0.119934312899389	1.9791371602399	89.3265993265993
tdna041-Rep2-MiFish-E_S269_L001_R1_001.fastq.gz	128967	121626	121487	120255	118939	118863	116660	0.0638983008096545	1.85339424379328	90.4572487535571
tdna041-Rep3-MiFish-E_S325_L001_R1_001.fastq.gz	4059	3688	3639	3560	3525	3523	3513	0.0567375886524815	0.283848992336075	86.5484109386548
tdna042-Rep1-MiFish-E_S214_L001_R1_001.fastq.gz	34386	32125	32034	31487	31169	31158	31150	0.0352914755045077	0.0256755889338223	90.5891932763334
tdna042-Rep2-MiFish-E_S270_L001_R1_001.fastq.gz	27825	25653	25506	25190	24810	24802	24617	0.0322450624748143	0.745907588097737	88.470799640611
tdna042-Rep3-MiFish-E_S326_L001_R1_001.fastq.gz	21255	19790	19720	19334	19104	19101	19101	0.0157035175879372	0	89.8659139026112
tdna044-Rep1-MiFish-E_S215_L001_R1_001.fastq.gz	144820	138223	137911	135289	133028	132981	131382	0.035330907778814	1.20242741444267	90.7208949040188
tdna044-Rep2-MiFish-E_S271_L001_R1_001.fastq.gz	105143	100346	100238	99637	98831	98761	95047	0.0708279790753892	3.76059375664482	90.3978391333707
tdna044-Rep3-MiFish-E_S327_L001_R1_001.fastq.gz	19246	18039	17977	17851	17765	17724	17724	0.230790880945676	0	92.0918632443105
tdna045-Rep1-MiFish-E_S216_L001_R1_001.fastq.gz	201956	189467	189203	186817	181833	181601	179623	0.127589601447482	1.08920105065501	88.9416506565787
tdna045-Rep2-MiFish-E_S272_L001_R1_001.fastq.gz	45314	42714	42604	42273	42039	42035	41417	0.00951497419062264	1.47020340192697	91.400008827294
tdna045-Rep3-MiFish-E_S328_L001_R1_001.fastq.gz	18412	17342	17280	17121	16934	16934	16776	0	0.933034132514464	91.1144905496415
tdna046-Rep1-MiFish-E_S217_L001_R1_001.fastq.gz	18715	17494	17351	16940	16728	16727	16727	0.00597800095647472	0	89.3775046753941
tdna046-Rep2-MiFish-E_S273_L001_R1_001.fastq.gz	5325	4946	4896	4816	4741	4731	4731	0.210925964986288	0	88.8450704225352
tdna046-Rep3-MiFish-E_S329_L001_R1_001.fastq.gz	6316	5925	5873	5786	5674	5671	5666	0.0528727529080015	0.0881678716275758	89.7086763774541
tdna047-Rep1-MiFish-E_S218_L001_R1_001.fastq.gz	448672	420116	419425	413713	407060	405061	399166	0.491082395715608	1.45533635674627	88.9661044148064
tdna047-Rep2-MiFish-E_S274_L001_R1_001.fastq.gz	145575	137590	137479	136537	133010	133010	130294	0	2.04195173295241	89.5030053237163
tdna047-Rep3-MiFish-E_S330_L001_R1_001.fastq.gz	272491	259632	258823	257518	247732	247699	242396	0.0133208467214558	2.14090488859463	88.9555985335295
tdna048-Rep1-MiFish-E_S219_L001_R1_001.fastq.gz	174455	165107	164703	162400	142933	142848	140199	0.0594684222677699	1.8544186827957	80.3639907139377
tdna048-Rep2-MiFish-E_S275_L001_R1_001.fastq.gz	83620	79262	79162	78659	76214	76156	75545	0.0761015036607375	0.802300540994807	90.3432193255202
tdna048-Rep3-MiFish-E_S331_L001_R1_001.fastq.gz	51978	49772	49700	49226	48931	48913	48740	0.0367864952688421	0.353689203279288	93.7704413405672
tdna049-Rep1-MiFish-E_S220_L001_R1_001.fastq.gz	168353	159677	159393	157132	155053	154470	149816	0.376000464357347	3.01288276040655	88.9892072015349
tdna049-Rep2-MiFish-E_S276_L001_R1_001.fastq.gz	161600	152004	151616	150378	147500	147279	144303	0.149830508474579	2.02065467581937	89.2964108910891
tdna049-Rep3-MiFish-E_S332_L001_R1_001.fastq.gz	108235	102643	102351	101484	100477	100371	97984	0.105496780357697	2.37817696346553	90.5289416547327
tdna050-Rep1-MiFish-E_S221_L001_R1_001.fastq.gz	201981	190628	190425	188531	187431	186769	185419	0.35319664303131	0.72281802654615	91.8002188324644
tdna050-Rep2-MiFish-E_S277_L001_R1_001.fastq.gz	72019	68484	68394	67723	67143	66960	66524	0.2725526115902	0.651135005973714	92.3700690095669
tdna050-Rep3-MiFish-E_S333_L001_R1_001.fastq.gz	100595	94681	94568	93438	92755	92731	91812	0.0258746159236694	0.991038595507433	91.2689497489935
tdna051-Rep1-MiFish-E_S222_L001_R1_001.fastq.gz	104620	98464	98288	97404	95977	95770	95029	0.215676672536119	0.773728725070484	90.8325367998471
tdna051-Rep2-MiFish-E_S278_L001_R1_001.fastq.gz	116682	109746	109582	108391	106482	106344	104143	0.129599368907421	2.06969833747085	89.2536980853945
tdna051-Rep3-MiFish-E_S334_L001_R1_001.fastq.gz	156141	145119	144892	143273	141531	141241	138307	0.204902106252334	2.07730050056287	88.5782722026886
tdna052-Rep1-MiFish-E_S223_L001_R1_001.fastq.gz	181664	172999	172781	171103	168649	168267	162711	0.22650593836903	3.30189520226783	89.56700281839
tdna052-Rep2-MiFish-E_S279_L001_R1_001.fastq.gz	131439	124695	124551	123217	121917	121305	116307	0.501980855828137	4.12019290218871	88.4874352361171
tdna052-Rep3-MiFish-E_S335_L001_R1_001.fastq.gz	113918	106149	105983	104745	103578	103399	101390	0.172816621290238	1.94295882938906	89.002615916712
tdna053-Rep1-MiFish-E_S224_L001_R1_001.fastq.gz	94637	88233	88020	86497	84392	84331	78935	0.072281732865676	6.39859600858522	83.4081807326944
tdna053-Rep2-MiFish-E_S280_L001_R1_001.fastq.gz	37358	35327	35264	34886	34731	34704	33818	0.0777403472402227	2.55301982480405	90.5241179934686
tdna053-Rep3-MiFish-E_S336_L001_R1_001.fastq.gz	50527	47551	47477	46663	46065	46056	44842	0.0195376098990607	2.63592148688552	88.7485898628456
tdna054-Rep1-MiFish-E_S225_L001_R1_001.fastq.gz	346234	329584	329054	326080	317776	316157	306894	0.509478374704202	2.92987344895099	88.6377421050504
tdna054-Rep2-MiFish-E_S281_L001_R1_001.fastq.gz	137301	131084	130734	129952	127575	127147	123759	0.335488928081517	2.66463227602696	90.1369982738655
tdna054-Rep3-MiFish-E_S337_L001_R1_001.fastq.gz	98715	93286	93072	92187	89089	88728	86709	0.405212764763334	2.27549364349473	87.8377146330345
tdna055-Rep1-MiFish-E_S226_L001_R1_001.fastq.gz	58398	53524	53399	52508	52332	52326	51685	0.0114652602614171	1.22501242212284	88.5047433131272
tdna055-Rep2-MiFish-E_S282_L001_R1_001.fastq.gz	112728	106825	106699	105368	103026	102959	100176	0.0650321278123869	2.70301770607718	88.8652331275282
tdna055-Rep3-MiFish-E_S338_L001_R1_001.fastq.gz	212564	201038	200802	198389	197453	197300	194370	0.0774867943257362	1.48504815002535	91.4406955081764
tdna056-Rep1-MiFish-E_S227_L001_R1_001.fastq.gz	179735	169799	169450	167793	164085	163849	161366	0.14382789407928	1.51541968519795	89.779953820903
tdna056-Rep2-MiFish-E_S283_L001_R1_001.fastq.gz	166381	159367	158790	157727	154463	154201	150543	0.169619908974965	2.37222845506838	90.4808842355798
tdna056-Rep3-MiFish-E_S339_L001_R1_001.fastq.gz	208830	198776	198264	196435	192330	191345	185153	0.512140591691363	3.23603961430922	88.6620696260116
tdna057-Rep1-MiFish-E_S228_L001_R1_001.fastq.gz	155243	146374	146127	144550	142177	141932	138678	0.172320417507748	2.29264718315814	89.3296316097988
tdna057-Rep2-MiFish-E_S284_L001_R1_001.fastq.gz	162581	154629	154092	152341	149168	148860	146998	0.206478601308589	1.25083971516861	90.4152391730891
tdna057-Rep3-MiFish-E_S340_L001_R1_001.fastq.gz	383322	360925	360465	355639	350347	347648	338521	0.770379081310807	2.6253566826215	88.3124370633567
